timestamp,temperature_C,humidity,pir_motion,anomaly_flag,anomaly_type,anomaly_source
2026-01-14T00:00:00.771249,20.0,34.9,0
2026-01-14T00:00:03.025741,20.0,34.9,0
2026-01-14T00:00:05.280467,20.0,34.8,0
2026-01-14T00:00:07.535189,20.0,34.9,0
2026-01-14T00:00:09.789722,20.0,34.9,0
2026-01-14T00:00:12.044534,20.0,34.9,0
2026-01-14T00:00:14.299164,20.0,34.9,0
2026-01-14T00:00:16.553900,20.0,34.9,0
2026-01-14T00:00:18.808737,20.0,34.9,0
2026-01-14T00:00:21.063367,20.0,34.9,0
2026-01-14T00:00:23.318054,20.0,34.9,0
2026-01-14T00:00:25.572999,20.0,34.9,0
2026-01-14T00:00:27.827662,20.0,34.9,0
2026-01-14T00:00:30.082274,20.0,34.9,0
2026-01-14T00:00:32.337070,20.0,34.9,0
2026-01-14T00:00:34.591849,20.0,34.9,0
2026-01-14T00:00:36.846461,20.0,34.9,0
2026-01-14T00:00:39.101296,20.0,34.9,0
2026-01-14T00:00:41.355916,20.0,34.9,0
2026-01-14T00:00:43.610623,20.0,34.9,0
2026-01-14T00:00:45.865563,20.0,34.9,0
2026-01-14T00:00:48.120177,20.0,34.9,0
2026-01-14T00:00:50.375697,20.0,34.9,0
2026-01-14T00:00:52.640250,20.0,34.9,0
2026-01-14T00:00:54.894846,20.0,34.9,0
2026-01-14T00:00:57.149496,20.0,34.9,0
2026-01-14T00:00:59.404210,20.0,34.9,0
2026-01-14T00:01:01.658337,20.0,34.9,0
2026-01-14T00:01:03.912838,20.0,34.8,0
2026-01-14T00:01:06.167152,20.0,34.9,0
2026-01-14T00:01:08.421694,20.0,34.9,0
2026-01-14T00:01:10.676265,20.0,34.9,0
2026-01-14T00:01:12.930925,20.0,34.9,0
2026-01-14T00:01:15.185418,20.0,34.9,0
2026-01-14T00:01:17.440101,20.0,34.9,0
2026-01-14T00:01:19.694837,20.0,34.9,0
2026-01-14T00:01:21.949262,20.0,34.9,0
2026-01-14T00:01:24.203810,20.0,34.9,0
2026-01-14T00:01:26.458618,20.0,34.9,0
2026-01-14T00:01:28.715403,20.0,34.9,0
2026-01-14T00:01:30.969953,20.0,34.9,0
2026-01-14T00:01:33.224669,20.0,34.8,0
2026-01-14T00:01:35.479222,20.0,34.9,0
2026-01-14T00:01:37.733816,20.0,34.9,0
2026-01-14T00:01:39.988609,20.0,34.8,0
2026-01-14T00:01:42.243181,20.0,34.9,0
2026-01-14T00:01:44.497952,20.0,34.9,0
2026-01-14T00:01:46.752622,20.0,34.8,0
2026-01-14T00:01:49.007246,20.0,34.9,0
2026-01-14T00:01:51.261906,20.0,34.9,0
2026-01-14T00:01:53.516757,20.0,34.8,0
2026-01-14T00:01:55.770952,20.0,34.9,0
2026-01-14T00:01:58.025586,20.0,34.9,0
2026-01-14T00:02:00.280256,20.0,34.9,0
2026-01-14T00:02:02.534881,20.0,34.9,0
2026-01-14T00:02:04.789487,20.0,34.9,0
2026-01-14T00:02:07.044214,20.0,34.9,0
2026-01-14T00:02:09.298814,20.0,34.8,0
2026-01-14T00:02:11.553525,20.0,34.8,0
2026-01-14T00:02:13.808265,20.0,34.8,0
2026-01-14T00:02:16.062867,20.0,34.9,0
2026-01-14T00:02:18.317473,20.0,34.8,0
2026-01-14T00:02:20.572317,20.0,34.9,0
2026-01-14T00:02:22.826889,20.0,34.8,0
2026-01-14T00:02:25.081436,20.0,34.9,0
2026-01-14T00:02:27.336209,20.0,34.8,0
2026-01-14T00:02:29.590891,20.0,34.9,0
2026-01-14T00:02:31.845504,20.0,34.9,0
2026-01-14T00:02:34.100246,20.0,34.9,0
2026-01-14T00:02:36.357007,20.0,34.8,0
2026-01-14T00:02:38.611511,20.0,34.9,0
2026-01-14T00:02:40.866301,20.0,34.9,0
2026-01-14T00:02:43.120958,20.0,34.9,0
2026-01-14T00:02:45.375534,20.0,34.9,0
2026-01-14T00:02:47.630313,20.0,34.8,0
2026-01-14T00:02:49.884861,20.0,34.9,0
2026-01-14T00:02:52.139402,20.0,34.9,0
2026-01-14T00:02:54.394246,20.0,34.9,0
2026-01-14T00:02:56.648869,20.0,34.9,0
2026-01-14T00:02:58.903220,20.0,34.9,0
2026-01-14T00:03:01.158084,20.0,34.9,0
2026-01-14T00:03:03.412772,20.0,34.9,0
2026-01-14T00:03:05.667318,20.0,34.9,0
2026-01-14T00:03:07.922088,20.0,34.9,0
2026-01-14T00:03:10.176531,20.0,34.8,0
2026-01-14T00:03:12.431161,20.0,34.8,0
2026-01-14T00:03:14.685930,20.0,34.8,0
2026-01-14T00:03:16.940535,20.0,34.8,0
2026-01-14T00:03:19.195078,20.0,34.8,0
2026-01-14T00:03:21.449921,20.0,34.8,0
2026-01-14T00:03:23.704618,20.0,34.7,0
2026-01-14T00:03:25.959175,20.0,34.8,0
2026-01-14T00:03:28.213981,20.0,34.8,0
2026-01-14T00:03:30.468740,20.0,34.8,0
2026-01-14T00:03:32.723292,20.0,34.8,0
2026-01-14T00:03:34.978047,20.0,34.8,0
2026-01-14T00:03:37.232661,20.0,34.8,0
2026-01-14T00:03:39.487292,20.0,34.8,0
2026-01-14T00:03:41.742073,20.0,34.8,0
2026-01-14T00:03:43.996719,20.0,34.9,0
2026-01-14T00:03:46.251331,20.0,34.8,0
2026-01-14T00:03:48.506207,20.0,34.8,0
2026-01-14T00:03:50.760806,20.0,34.8,0
2026-01-14T00:03:53.015351,20.0,34.8,0
2026-01-14T00:03:55.270145,20.0,34.9,0
2026-01-14T00:03:57.524887,20.0,34.9,0
2026-01-14T00:03:59.779446,20.0,34.9,0
2026-01-14T00:04:02.034176,20.0,34.9,0
2026-01-14T00:04:04.288772,20.0,34.9,0
2026-01-14T00:04:06.542922,20.0,34.9,0
2026-01-14T00:04:08.797854,20.0,34.9,0
2026-01-14T00:04:11.052488,20.0,34.9,0
2026-01-14T00:04:13.307078,20.0,34.9,0
2026-01-14T00:04:15.562004,20.0,34.8,0
2026-01-14T00:04:17.816264,20.0,34.9,0
2026-01-14T00:04:20.070849,20.0,34.9,0
2026-01-14T00:04:22.325718,20.0,34.8,0
2026-01-14T00:04:24.580453,20.0,34.9,0
2026-01-14T00:04:26.835002,20.0,34.9,0
2026-01-14T00:04:29.089803,20.0,34.9,0
2026-01-14T00:04:31.344482,20.0,34.9,0
2026-01-14T00:04:33.599054,20.0,34.9,0
2026-01-14T00:04:35.853870,20.0,34.9,0
2026-01-14T00:04:38.108428,20.0,34.9,0
2026-01-14T00:04:40.362978,20.0,34.9,0
2026-01-14T00:04:42.617851,20.0,34.9,0
2026-01-14T00:04:44.874546,20.0,34.9,0
2026-01-14T00:04:47.129084,20.0,34.9,0
2026-01-14T00:04:49.383875,20.0,34.9,0
2026-01-14T00:04:51.638452,20.0,34.9,0
2026-01-14T00:04:53.893025,20.0,34.9,0
2026-01-14T00:04:56.147796,20.0,34.9,0
2026-01-14T00:04:58.402527,20.0,34.9,0
2026-01-14T00:05:00.657156,20.0,34.9,0
2026-01-14T00:05:02.911879,20.0,34.9,0
2026-01-14T00:05:05.166510,20.0,34.9,0
2026-01-14T00:05:07.421139,20.0,34.9,0
2026-01-14T00:05:09.675759,20.0,34.9,0
2026-01-14T00:05:11.930379,20.0,34.9,0
2026-01-14T00:05:14.184996,20.0,34.9,0
2026-01-14T00:05:16.439961,20.0,34.9,0
2026-01-14T00:05:18.694633,20.0,34.9,0
2026-01-14T00:05:20.949194,20.0,34.9,0
2026-01-14T00:05:23.203843,20.0,34.9,0
2026-01-14T00:05:25.458597,20.0,34.9,0
2026-01-14T00:05:27.713210,20.0,34.9,0
2026-01-14T00:05:29.968007,20.0,34.9,0
2026-01-14T00:05:32.222720,20.0,34.8,0
2026-01-14T00:05:34.477464,20.0,34.9,0
2026-01-14T00:05:36.732253,20.0,34.9,0
2026-01-14T00:05:38.986895,20.0,34.9,0
2026-01-14T00:05:41.241507,20.0,34.9,0
2026-01-14T00:05:43.496439,20.0,34.9,0
2026-01-14T00:05:45.751057,20.0,34.9,0
2026-01-14T00:05:48.005696,20.0,34.9,0
2026-01-14T00:05:50.260543,20.0,34.9,0
2026-01-14T00:05:52.515226,20.0,34.9,0
2026-01-14T00:05:54.769868,20.0,34.9,0
2026-01-14T00:05:57.024681,20.0,34.9,0
2026-01-14T00:05:59.279306,20.0,34.9,0
2026-01-14T00:06:01.534004,20.0,34.9,0
2026-01-14T00:06:03.788810,20.0,34.9,0
2026-01-14T00:06:06.043020,20.0,34.9,0
2026-01-14T00:06:08.297674,20.0,34.9,0
2026-01-14T00:06:10.552234,20.0,34.9,0
2026-01-14T00:06:12.806848,20.0,34.9,0
2026-01-14T00:06:15.061427,20.0,34.9,0
2026-01-14T00:06:17.316243,20.0,34.9,0
2026-01-14T00:06:19.570941,20.0,34.9,0
2026-01-14T00:06:21.825589,20.0,34.9,0
2026-01-14T00:06:24.080426,20.0,34.9,0
2026-01-14T00:06:26.335009,20.0,34.9,0
2026-01-14T00:06:28.589654,20.0,34.9,0
2026-01-14T00:06:30.844467,20.0,34.9,0
2026-01-14T00:06:33.099065,20.0,34.9,0
2026-01-14T00:06:35.353690,20.0,34.9,0
2026-01-14T00:06:37.608489,20.0,34.9,0
2026-01-14T00:06:39.863020,20.0,34.9,0
2026-01-14T00:06:42.117663,20.0,34.9,0
2026-01-14T00:06:44.373653,20.0,34.9,0
2026-01-14T00:06:46.628363,20.0,34.9,0
2026-01-14T00:06:48.882628,20.0,34.9,0
2026-01-14T00:06:51.137497,20.0,34.9,0
2026-01-14T00:06:53.392230,20.0,34.9,0
2026-01-14T00:06:55.646840,20.0,34.9,0
2026-01-14T00:06:57.901721,20.0,34.9,0
2026-01-14T00:07:00.156141,20.0,34.9,0
2026-01-14T00:07:02.410852,20.0,34.9,0
2026-01-14T00:07:04.665786,20.0,34.9,0
2026-01-14T00:07:06.920424,20.0,34.9,0
2026-01-14T00:07:09.174964,20.0,34.9,0
2026-01-14T00:07:11.429874,20.0,34.9,0
2026-01-14T00:07:13.684542,20.0,34.9,0
2026-01-14T00:07:15.939015,20.0,34.9,0
2026-01-14T00:07:18.193752,20.0,34.9,0
2026-01-14T00:07:20.447904,20.0,34.8,0
2026-01-14T00:07:22.702475,20.0,34.9,0
2026-01-14T00:07:24.957279,20.0,34.8,0
2026-01-14T00:07:27.211945,20.0,34.8,0
2026-01-14T00:07:29.466166,20.0,34.8,0
2026-01-14T00:07:31.720907,20.0,34.8,0
2026-01-14T00:07:33.975436,20.0,34.8,0
2026-01-14T00:07:36.230069,20.0,34.8,0
2026-01-14T00:07:38.485009,20.0,34.8,0
2026-01-14T00:07:40.739568,20.0,34.8,0
2026-01-14T00:07:42.994163,20.0,34.8,0
2026-01-14T00:07:45.248808,20.0,34.8,0
2026-01-14T00:07:47.503549,20.0,34.8,0
2026-01-14T00:07:49.758071,20.0,34.8,0
2026-01-14T00:07:52.012903,20.0,34.8,0
2026-01-14T00:07:54.267607,20.0,34.8,0
2026-01-14T00:07:56.522204,20.0,34.8,0
2026-01-14T00:07:58.777090,20.0,34.8,0
2026-01-14T00:08:01.031787,20.0,34.7,0
2026-01-14T00:08:03.286365,20.0,34.8,0
2026-01-14T00:08:05.541259,20.0,34.8,0
2026-01-14T00:08:07.795965,20.0,34.7,0
2026-01-14T00:08:10.050526,20.0,34.8,0
2026-01-14T00:08:12.305392,20.0,34.7,0
2026-01-14T00:08:14.560101,20.0,34.7,0
2026-01-14T00:08:16.814720,20.0,34.8,0
2026-01-14T00:08:19.069576,20.0,34.7,0
2026-01-14T00:08:21.324163,20.0,34.8,0
2026-01-14T00:08:23.578349,20.0,34.8,0
2026-01-14T00:08:25.833160,20.0,34.8,0
2026-01-14T00:08:28.087764,20.0,34.8,0
2026-01-14T00:08:30.342379,20.0,34.8,0
2026-01-14T00:08:32.597303,20.0,34.8,0
2026-01-14T00:08:34.851900,20.0,34.8,0
2026-01-14T00:08:37.106493,20.0,34.9,0
2026-01-14T00:08:39.361266,20.0,34.8,0
2026-01-14T00:08:41.615987,20.0,34.8,0
2026-01-14T00:08:43.870486,20.0,34.9,0
2026-01-14T00:08:46.125198,20.0,34.9,0
2026-01-14T00:08:48.379964,20.0,34.9,0
2026-01-14T00:08:50.634484,20.0,34.9,0
2026-01-14T00:08:52.889232,20.0,34.9,0
2026-01-14T00:08:55.143712,20.0,34.9,0
2026-01-14T00:08:57.398380,20.0,34.9,0
2026-01-14T00:08:59.653207,20.0,34.8,0
2026-01-14T00:09:01.907809,20.0,34.9,0
2026-01-14T00:09:04.162345,20.0,34.8,0
2026-01-14T00:09:06.417280,20.0,34.9,0
2026-01-14T00:09:08.671841,20.0,34.9,1
2026-01-14T00:09:10.926501,20.0,34.8,0
2026-01-14T00:09:13.181330,20.0,34.8,0
2026-01-14T00:09:15.435628,20.0,34.8,0
2026-01-14T00:09:17.690665,20.0,34.8,0
2026-01-14T00:09:19.945588,20.0,34.8,0
2026-01-14T00:09:22.200198,20.0,34.8,0
2026-01-14T00:09:24.454703,20.0,34.8,0
2026-01-14T00:09:26.709593,20.0,34.8,0
2026-01-14T00:09:28.964315,20.0,34.8,0
2026-01-14T00:09:31.218862,20.0,34.8,0
2026-01-14T00:09:33.473825,20.0,34.8,0
2026-01-14T00:09:35.728386,20.0,34.8,0
2026-01-14T00:09:37.982787,20.0,34.8,0
2026-01-14T00:09:40.237591,20.0,34.8,0
2026-01-14T00:09:42.492042,20.0,34.7,0
2026-01-14T00:09:44.746620,20.0,34.7,0
2026-01-14T00:09:47.001501,20.0,34.8,0
2026-01-14T00:09:49.256154,20.0,34.8,1
2026-01-14T00:09:51.510835,20.0,34.8,0
2026-01-14T00:09:53.765561,20.0,34.8,0
2026-01-14T00:09:56.020180,20.0,34.8,0
2026-01-14T00:09:58.274761,20.0,34.8,0
2026-01-14T00:10:00.529722,20.0,34.7,0
2026-01-14T00:10:02.784386,20.0,34.7,0
2026-01-14T00:10:05.038988,20.0,34.8,0
2026-01-14T00:10:07.293939,20.0,34.8,0
2026-01-14T00:10:09.548672,20.0,34.8,0
2026-01-14T00:10:11.803297,20.0,34.7,0
2026-01-14T00:10:14.057889,20.0,34.8,0
2026-01-14T00:10:16.312282,20.0,34.7,0
2026-01-14T00:10:18.566978,20.0,34.8,0
2026-01-14T00:10:20.821866,20.0,34.7,0
2026-01-14T00:10:23.076517,20.0,34.7,0
2026-01-14T00:10:25.331080,20.0,34.7,0
2026-01-14T00:10:27.585925,20.0,34.8,0
2026-01-14T00:10:29.840553,20.0,34.7,0
2026-01-14T00:10:32.095009,20.0,34.7,0
2026-01-14T00:10:34.349721,20.0,34.7,0
2026-01-14T00:10:36.604351,20.0,34.8,0
2026-01-14T00:10:38.858900,20.0,34.8,0
2026-01-14T00:10:41.113168,20.0,34.7,0
2026-01-14T00:10:43.367654,20.0,34.8,1
2026-01-14T00:10:45.622245,20.0,34.8,0
2026-01-14T00:10:47.876985,20.0,34.7,0
2026-01-14T00:10:50.131406,20.0,34.7,0
2026-01-14T00:10:52.386091,20.0,34.7,0
2026-01-14T00:10:54.640982,20.0,34.7,0
2026-01-14T00:10:56.895624,20.0,34.7,0
2026-01-14T00:10:59.150236,20.0,34.7,0
2026-01-14T00:11:01.405136,20.0,34.7,1
2026-01-14T00:11:03.659876,20.0,34.7,0
2026-01-14T00:11:05.914463,20.0,34.7,0
2026-01-14T00:11:08.169255,20.0,34.7,1
2026-01-14T00:11:10.423846,20.0,34.7,0
2026-01-14T00:11:12.678472,20.0,34.8,0
2026-01-14T00:11:14.933289,20.0,34.7,0
2026-01-14T00:11:17.187936,20.0,34.7,0
2026-01-14T00:11:19.442014,20.0,34.8,0
2026-01-14T00:11:21.696849,20.0,34.7,0
2026-01-14T00:11:23.951558,20.0,34.7,0
2026-01-14T00:11:26.206074,20.0,34.7,0
2026-01-14T00:11:28.460778,20.0,34.8,0
2026-01-14T00:11:30.715408,20.0,34.7,0
2026-01-14T00:11:32.970017,20.0,34.8,0
2026-01-14T00:11:35.224728,20.0,34.7,0
2026-01-14T00:11:37.479436,20.0,34.7,0
2026-01-14T00:11:39.734003,20.0,34.7,0
2026-01-14T00:11:41.988659,20.0,34.7,0
2026-01-14T00:11:44.243190,20.0,34.7,0
2026-01-14T00:11:46.497853,20.0,34.7,0
2026-01-14T00:11:48.752636,20.0,34.7,0
2026-01-14T00:11:51.007232,20.0,34.7,0
2026-01-14T00:11:53.261891,20.0,34.7,0
2026-01-14T00:11:55.516707,20.0,34.7,0
2026-01-14T00:11:57.773373,20.0,34.7,0
2026-01-14T00:12:00.027957,20.0,34.7,0
2026-01-14T00:12:02.282628,20.0,34.7,0
2026-01-14T00:12:04.537274,20.0,34.7,0
2026-01-14T00:12:06.791791,20.0,34.7,0
2026-01-14T00:12:09.046569,20.0,34.7,0
2026-01-14T00:12:11.301159,20.0,34.7,0
2026-01-14T00:12:13.555593,20.0,34.7,0
2026-01-14T00:12:15.810274,20.0,34.7,0
2026-01-14T00:12:18.064942,20.0,34.7,0
2026-01-14T00:12:20.319450,20.0,34.7,0
2026-01-14T00:12:22.574227,20.0,34.7,0
2026-01-14T00:12:24.828753,20.0,34.7,0
2026-01-14T00:12:27.083369,20.0,34.6,0
2026-01-14T00:12:29.338172,20.0,34.7,0
2026-01-14T00:12:31.592849,20.0,34.7,0
2026-01-14T00:12:33.847189,20.0,34.7,0
2026-01-14T00:12:36.101984,20.0,34.7,0
2026-01-14T00:12:38.356508,20.0,34.7,0
2026-01-14T00:12:40.610967,20.0,34.7,0
2026-01-14T00:12:42.865774,20.0,34.7,0
2026-01-14T00:12:45.120373,20.0,34.7,0
2026-01-14T00:12:47.375686,20.0,34.7,0
2026-01-14T00:12:49.711304,20.0,34.7,0
2026-01-14T00:12:52.046902,20.0,34.7,0
2026-01-14T00:12:54.382396,20.0,34.7,0
2026-01-14T00:12:56.642278,20.0,34.6,0
2026-01-14T00:12:58.896868,20.0,34.7,0
2026-01-14T00:13:01.151370,20.0,34.7,0
2026-01-14T00:13:03.406236,20.0,34.7,0
2026-01-14T00:13:05.660774,20.0,34.7,0
2026-01-14T00:13:07.915185,20.0,34.7,0
2026-01-14T00:13:10.169987,20.0,34.7,0
2026-01-14T00:13:12.424498,20.0,34.7,0
2026-01-14T00:13:14.679067,20.0,34.7,0
2026-01-14T00:13:16.933901,20.0,34.7,0
2026-01-14T00:13:19.188533,20.0,34.6,0
2026-01-14T00:13:21.443204,20.0,34.7,0
2026-01-14T00:13:23.697975,20.0,34.7,1
2026-01-14T00:13:25.952533,20.0,34.7,0
2026-01-14T00:13:28.207136,20.0,34.6,0
2026-01-14T00:13:30.462016,20.0,34.6,1
2026-01-14T00:13:32.716757,20.0,34.6,0
2026-01-14T00:13:34.971281,20.0,34.6,0
2026-01-14T00:13:37.226089,20.0,34.7,0
2026-01-14T00:13:39.480413,20.0,34.6,0
2026-01-14T00:13:41.734998,20.0,34.6,0
2026-01-14T00:13:43.989885,20.0,34.6,0
2026-01-14T00:13:46.244670,20.0,34.6,0
2026-01-14T00:13:48.499334,20.0,34.6,0
2026-01-14T00:13:50.754282,20.0,34.6,1
2026-01-14T00:13:53.009028,20.0,34.7,0
2026-01-14T00:13:55.263770,20.0,34.6,1
2026-01-14T00:13:57.518630,20.0,34.7,0
2026-01-14T00:13:59.773297,20.0,34.6,0
2026-01-14T00:14:02.027826,20.0,34.6,0
2026-01-14T00:14:04.282677,20.0,34.6,0
2026-01-14T00:14:06.537406,20.0,34.6,0
2026-01-14T00:14:08.792010,20.0,34.6,0
2026-01-14T00:14:11.046744,20.0,34.6,0
2026-01-14T00:14:13.301438,20.0,34.6,0
2026-01-14T00:14:15.556005,20.0,34.6,0
2026-01-14T00:14:17.810807,20.0,34.6,0
2026-01-14T00:14:20.065477,20.0,34.6,0
2026-01-14T00:14:22.319962,20.0,34.6,0
2026-01-14T00:14:24.574851,20.0,34.6,0
2026-01-14T00:14:26.829430,20.0,34.6,0
2026-01-14T00:14:29.084188,20.0,34.6,0
2026-01-14T00:14:31.338944,20.0,34.6,0
2026-01-14T00:14:33.593624,20.0,34.6,0
2026-01-14T00:14:35.848207,20.0,34.6,0
2026-01-14T00:14:38.102747,20.0,34.6,0
2026-01-14T00:14:40.357262,20.0,34.6,0
2026-01-14T00:14:42.611825,20.0,34.6,0
2026-01-14T00:14:44.866633,20.0,34.6,0
2026-01-14T00:14:47.121305,20.0,34.6,0
2026-01-14T00:14:49.376222,20.0,34.6,0
2026-01-14T00:14:51.631060,20.0,34.6,0
2026-01-14T00:14:53.885790,20.0,34.6,0
2026-01-14T00:14:56.140361,20.0,34.7,0
2026-01-14T00:14:58.395235,20.0,34.6,0
2026-01-14T00:15:00.649876,20.0,34.6,0
2026-01-14T00:15:02.904497,20.0,34.6,0
2026-01-14T00:15:05.159216,20.0,34.6,0
2026-01-14T00:15:07.413983,20.0,34.6,0
2026-01-14T00:15:09.668596,20.0,34.6,0
2026-01-14T00:15:11.923361,20.0,34.6,0
2026-01-14T00:15:14.177986,20.0,34.6,0
